19326
27830
36588
48208
4964
18317
3734
39192
32092
13545
15448
22950
8362
28115
16533
17689
17063
61423
15408
25968
31307
10100
50771
63945
29801
61083
4622
27290
35630
3256
27645
4112
1439
11266
16966
25121
6078
33946
11643
55654
44895
57733
59080
48593
56752
53632
57890
57037
14131
46640
31164
7640
56523
26617
34178
23369
26014
32981
40306
41704
33884
19455
37764
64921
51210
20627
20577
34041
6682
29094
51513
55138
50835
29640
19280
54490
45223
9780
40705
16946
27502
33160
16096
5410
60669
22275
64517
27885
30436
65069
17684
42300
43878
9146
63003
13974
28
3985
8850
53137
19923
35247
60549
62863
61486
55797
58030
43544
7866
7807
61246
52400
6707
35529
61575
57019
48318
49214
12204
14811
36955
51901
3783
57204
62676
55737
10997
39918
6959
19667
30398
65532
51629
22963
22867
34867
25993
29797
63226
28021
43143
50211
28948
59829
34041
38990
8339
623
62652
54464
46904
3860
901
15785
29116
33832
9392
640
27343
64960
29970
49364
62309
60396
41960
54213
4988
39871
61403
18359
61173
65011
36728
23390
24278
33626
29895
33903
14439
38183
11026
26268
17287
40529
29051
50135
2131
47526
40541
56607
21585
63621
2947
65444
34991
52725
9055
37662
34925
37935
53487
12293
1614
56624
20512
22340
16863
27650
49201
58610
12401
23217
36576
21876
1468
14824
22058
17313
61152
29176
10612
0
11646
2870
30381
57564
7795
23501
34206
37163
54219
9580
37090
38165
62193
3041
20883
57098
25202
16639
22099
21372
54451
61565
26856
44041
29292
43439
47243
16774
20343
27620
11162
54969
8728
26214
42650
51341
3906
9615
55809
52135
41251
9391
12506
8073
63309
20317
18881
25693
29871
17971
20169
55046
5712
33120
61731
61136
57796
6362
32738
17881
39605
56558
55136
28897
65299
62572
58807
20786
61553
48637
29129
23462
10895
45791
17091
61204
57758
24598
54992
51888
628
47792
32426
61005
59923
33370
63840
7043
36023
40158
60912
888
60811
17498
53272
8670
60150
6783
41029
54950
10020
11202
25913
32169
54371
16379
26117
53675
30780
33058
52596
40850
4684
9821
4739
47940
13304
63571
60637
55727
26404
54616
48691
49020
9221
59183
49839
29114
39752
45790
28887
25104
51797
9140
44462
2738
58840
59251
43330
64438
53982
187
48204
58365
35673
8342
44366
53125
16315
50910
42206
23630
22278
9447
27168
31210
6427
30009
29578
57076
34559
49132
61903
30428
20960
35862
21691
57941
57009
42385
20750
49476
8426
8638
9273
59049
54842
4047
35951
6599
18013
34814
37451
29778
18583
790
4697
22373
37747
22281
49504
61779
38370
22613
54226
16551
37520
51417
14401
50631
59883
58837
33706
53307
23738
60978
58813
44894
15098
25141
12460
29771
32945
27876
48198
21561
40831
59190
36074
52195
24366
9466
7441
7604
52471
19504
47430
41522
34594
20703
58253
9205
60770
59998
22972
27530
27628
29380
25421
31559
31734
48978
3112
21585
18149
42932
5065
33954
34041
19528
6275
1625
5302
50991
63106
64227
30702
801
22218
42329
26197
3135
64875
22162
46719
35908
54282
10077
11429
58192
55475
51778
11723
45740
46430
6793
48394
56901
39997
35291
37637
19928
13489
7542
3201
48794
40565
18278
20362
4987
22704
52221
34291
64387
52039
53292
50143
54531
13880
42573
61407
10333
26466
32051
19516
20329
7960
33926
36003
9702
59669
47731
23689
24037
7960
32075
65505
5881
7526
16467
7432
4704
36219
49662
35543
42987
18755
47930
11262
61651
18041
55187
57525
21924
22486
34134
35868
19699
21868
48942
11050
2075
28777
50897
21122
37823
30126
5636
54984
33246
32613
51488
23184
7397
54612
61480
26109
56497
22354
35380
8419
64019
62034
13882
55463
35211
4072
42130
59966
7315
16309
39471
11675
4195
12942
29119
34347
5096
32243
52120
8857
6825
5356
58489
20630
39478
22148
28708
40583
10572
31571
63646
37063
7589
55375
35153
8427
46511
15914
48841
63320
30748
59277
23663
10498
25339
14003
64002
51236
4348
37165
42618
50670
21393
10430
65037
12364
46771
30451
57712
26825
44204
47145
64800
25535
38995
14015
42267
41136
53346
47683
15402
24815
59782
50373
47483
40960
56474
23670
46313
42147
58763
11683
17739
18784
35747
43707
34144
43784
6165
6813
40779
2644
43394
63957
11412
54889
3376
49005
44358
63597
61229
39497
64648
14147
52116
36450
26625
32086
15162
643
23006
48281
50948
11474
3983
23893
52676
20418
22947
34478
19089
42767
55209
2815
25471
38549
3610
29076
46330
53338
22550
2602
51792
64790
23459
28728
17269
4247
55611
39794
53206
557
32508
64477
37261
40621
43355
2250
14516
42627
34431
44827
26359
19421
807
45807
50586
25846
57387
7913
59005
37239
45725
28362
10571
2472
50819
10047
45924
34748
37219
55543
14636
32772
50844
11349
11502
51668
10249
1304
36879
41311
53740
17551
29143
4131
15866
21926
20810
59125
20135
55960
30706
30561
58860
22609
47192
41848
25027
6722
9805
74
41253
14916
42881
4470
15851
26148
2669
53454
34795
50885
30286
5438
39679
10007
62369
9463
482
59911
54992
2579
39404
33279
31078
43799
32064
24886
50929
21460
16617
58249
13420
15319
49170
38917
10594
46945
27771
56526
15284
31810
58105
45896
53198
44394
35265
32501
18887
64746
49437
28516
30325
64630
44770
16213
51223
54968
44347
51365
28499
59452
44721
28845
57587
39691
34834
23222
33124
11702
38099
35176
41647
43572
59529
982
52939
54381
36858
49677
12514
43133
57944
40840
27342
38651
45077
4693
64217
55100
7186
39886
42747
17846
1640
13945
61608
35998
20948
49968
1258
4104
42499
12733
47729
57916
5629
54572
10342
4580
47883
46671
1998
63389
40354
28096
7163
56406
28607
62950
10103
54059
43711
19502
47151
61742
40501
41432
14729
337
12866
16438
997
21297
24118
19580
30998
36548
12403
58457
62120
23902
22201
61725
19412
57373
14939
53986
64492
3372
23263
8905
277
13914
48948
13014
42107
52430
17009
17856
27502
25833
39154
20729
14740
37862
7747
16992
51875
23356
32637
30853
43905
58933
57604
21434
52675
43312
11820
26206
43939
53543
21833
61245
53138
4775
36749
32955
61492
35412
49654
17946
53675
39972
3992
29860
50761
47696
60993
35928
9450
14169
18638
63936
59595
53351
20213
1200
8218
23522
40178
17472
59761
62744
1721
52141
49131
